{
 "cells": [
  {
   "cell_type": "markdown",
   "metadata": {},
   "source": [
    "## Potential Energy Surface Python Code\n",
    "<br>\n",
    "This script allows the user to enter in a diatomic molecule to compute the Potential Energy Surface through of the Hartree-Fock method. \n",
    "<br> <br>\n",
    "The program is limited to only using Hydrogen and Helium atoms due to the Hartree-Fock base code only supporting s-orbitals. \n",
    "<br><br>\n",
    "The potential energy surface graph uses Hartrees as units for the energy, and bohr units for representing the diatomic bond distance. "
   ]
  },
  {
   "cell_type": "code",
   "execution_count": 1,
   "metadata": {},
   "outputs": [
    {
     "name": "stdout",
     "output_type": "stream",
     "text": [
      "Hartree-Fock Computation: 17.0%\n",
      "Hartree-Fock Computation: 17.0%\n",
      "Hartree-Fock Computation: 17.0%\n",
      "Hartree-Fock Computation: 17.0%\n",
      "Hartree-Fock Computation: 17.0%\n",
      "Hartree-Fock Computation: 18.0%\n",
      "Hartree-Fock Computation: 18.0%\n",
      "Hartree-Fock Computation: 18.0%\n",
      "Hartree-Fock Computation: 18.0%\n",
      "Hartree-Fock Computation: 18.0%\n",
      "Hartree-Fock Computation: 19.0%\n",
      "Hartree-Fock Computation: 19.0%\n",
      "Hartree-Fock Computation: 19.0%\n",
      "Hartree-Fock Computation: 19.0%\n",
      "Hartree-Fock Computation: 19.0%\n",
      "Hartree-Fock Computation: 20.0%\n",
      "Hartree-Fock Computation: 20.0%\n",
      "Hartree-Fock Computation: 20.0%\n",
      "Hartree-Fock Computation: 20.0%\n",
      "Hartree-Fock Computation: 20.0%\n",
      "Hartree-Fock Computation: 21.0%\n",
      "Hartree-Fock Computation: 21.0%\n",
      "Hartree-Fock Computation: 21.0%\n",
      "Hartree-Fock Computation: 21.0%\n",
      "Hartree-Fock Computation: 21.0%\n",
      "Hartree-Fock Computation: 22.0%\n",
      "Hartree-Fock Computation: 22.0%\n",
      "Hartree-Fock Computation: 22.0%\n",
      "Hartree-Fock Computation: 22.0%\n",
      "Hartree-Fock Computation: 22.0%\n",
      "Hartree-Fock Computation: 23.0%\n",
      "Hartree-Fock Computation: 23.0%\n",
      "Hartree-Fock Computation: 23.0%\n",
      "Hartree-Fock Computation: 23.0%\n",
      "Hartree-Fock Computation: 23.0%\n",
      "Hartree-Fock Computation: 24.0%\n",
      "Hartree-Fock Computation: 24.0%\n",
      "Hartree-Fock Computation: 24.0%\n",
      "Hartree-Fock Computation: 24.0%\n",
      "Hartree-Fock Computation: 24.0%\n",
      "Hartree-Fock Computation: 25.0%\n",
      "Hartree-Fock Computation: 25.0%\n",
      "Hartree-Fock Computation: 25.0%\n",
      "Hartree-Fock Computation: 25.0%\n",
      "Hartree-Fock Computation: 25.0%\n",
      "Hartree-Fock Computation: 26.0%\n",
      "Hartree-Fock Computation: 26.0%\n",
      "Hartree-Fock Computation: 26.0%\n",
      "Hartree-Fock Computation: 26.0%\n",
      "Hartree-Fock Computation: 26.0%\n",
      "Hartree-Fock Computation: 27.0%\n",
      "Hartree-Fock Computation: 27.0%\n",
      "Hartree-Fock Computation: 27.0%\n",
      "Hartree-Fock Computation: 27.0%\n",
      "Hartree-Fock Computation: 27.0%\n",
      "Hartree-Fock Computation: 28.0%\n",
      "Hartree-Fock Computation: 28.0%\n",
      "Hartree-Fock Computation: 28.0%\n",
      "Hartree-Fock Computation: 28.0%\n",
      "Hartree-Fock Computation: 28.0%\n",
      "Hartree-Fock Computation: 29.0%\n",
      "Hartree-Fock Computation: 29.0%\n",
      "Hartree-Fock Computation: 29.0%\n",
      "Hartree-Fock Computation: 29.0%\n",
      "Hartree-Fock Computation: 29.0%\n",
      "Hartree-Fock Computation: 30.0%\n",
      "Hartree-Fock Computation: 30.0%\n",
      "Hartree-Fock Computation: 30.0%\n",
      "Hartree-Fock Computation: 30.0%\n",
      "Hartree-Fock Computation: 30.0%\n",
      "Hartree-Fock Computation: 31.0%\n",
      "Hartree-Fock Computation: 31.0%\n",
      "Hartree-Fock Computation: 31.0%\n",
      "Hartree-Fock Computation: 31.0%\n",
      "Hartree-Fock Computation: 31.0%\n",
      "Hartree-Fock Computation: 32.0%\n",
      "Hartree-Fock Computation: 32.0%\n",
      "Hartree-Fock Computation: 32.0%\n",
      "Hartree-Fock Computation: 32.0%\n",
      "Hartree-Fock Computation: 32.0%\n",
      "Hartree-Fock Computation: 33.0%\n",
      "Hartree-Fock Computation: 33.0%\n",
      "Hartree-Fock Computation: 33.0%\n",
      "Hartree-Fock Computation: 33.0%\n",
      "Hartree-Fock Computation: 33.0%\n",
      "Hartree-Fock Computation: 34.0%\n",
      "Hartree-Fock Computation: 34.0%\n",
      "Hartree-Fock Computation: 34.0%\n",
      "Hartree-Fock Computation: 34.0%\n",
      "Hartree-Fock Computation: 34.0%\n",
      "Hartree-Fock Computation: 35.0%\n",
      "Hartree-Fock Computation: 35.0%\n",
      "Hartree-Fock Computation: 35.0%\n",
      "Hartree-Fock Computation: 35.0%\n",
      "Hartree-Fock Computation: 35.0%\n",
      "Hartree-Fock Computation: 36.0%\n",
      "Hartree-Fock Computation: 36.0%\n",
      "Hartree-Fock Computation: 36.0%\n",
      "Hartree-Fock Computation: 36.0%\n",
      "Hartree-Fock Computation: 36.0%\n",
      "Hartree-Fock Computation: 37.0%\n",
      "Hartree-Fock Computation: 37.0%\n",
      "Hartree-Fock Computation: 37.0%\n",
      "Hartree-Fock Computation: 37.0%\n",
      "Hartree-Fock Computation: 37.0%\n",
      "Hartree-Fock Computation: 38.0%\n",
      "Hartree-Fock Computation: 38.0%\n",
      "Hartree-Fock Computation: 38.0%\n",
      "Hartree-Fock Computation: 38.0%\n",
      "Hartree-Fock Computation: 38.0%\n",
      "Hartree-Fock Computation: 39.0%\n",
      "Hartree-Fock Computation: 39.0%\n",
      "Hartree-Fock Computation: 39.0%\n",
      "Hartree-Fock Computation: 39.0%\n",
      "Hartree-Fock Computation: 39.0%\n",
      "Hartree-Fock Computation: 40.0%\n",
      "Hartree-Fock Computation: 40.0%\n",
      "Hartree-Fock Computation: 40.0%\n",
      "Hartree-Fock Computation: 40.0%\n",
      "Hartree-Fock Computation: 40.0%\n",
      "Hartree-Fock Computation: 40.0%\n",
      "Hartree-Fock Computation: 41.0%\n",
      "Hartree-Fock Computation: 41.0%\n",
      "Hartree-Fock Computation: 41.0%\n",
      "Hartree-Fock Computation: 41.0%\n",
      "Hartree-Fock Computation: 41.0%\n",
      "Hartree-Fock Computation: 42.0%\n",
      "Hartree-Fock Computation: 42.0%\n",
      "Hartree-Fock Computation: 42.0%\n",
      "Hartree-Fock Computation: 42.0%\n",
      "Hartree-Fock Computation: 42.0%\n",
      "Hartree-Fock Computation: 43.0%\n",
      "Hartree-Fock Computation: 43.0%\n",
      "Hartree-Fock Computation: 43.0%\n",
      "Hartree-Fock Computation: 43.0%\n",
      "Hartree-Fock Computation: 43.0%\n",
      "Hartree-Fock Computation: 44.0%\n",
      "Hartree-Fock Computation: 44.0%\n",
      "Hartree-Fock Computation: 44.0%\n",
      "Hartree-Fock Computation: 44.0%\n",
      "Hartree-Fock Computation: 44.0%\n",
      "Hartree-Fock Computation: 45.0%\n",
      "Hartree-Fock Computation: 45.0%\n",
      "Hartree-Fock Computation: 45.0%\n",
      "Hartree-Fock Computation: 45.0%\n",
      "Hartree-Fock Computation: 45.0%\n",
      "Hartree-Fock Computation: 46.0%\n",
      "Hartree-Fock Computation: 46.0%\n",
      "Hartree-Fock Computation: 46.0%\n",
      "Hartree-Fock Computation: 46.0%\n",
      "Hartree-Fock Computation: 46.0%\n",
      "Hartree-Fock Computation: 47.0%\n",
      "Hartree-Fock Computation: 47.0%\n",
      "Hartree-Fock Computation: 47.0%\n",
      "Hartree-Fock Computation: 47.0%\n",
      "Hartree-Fock Computation: 47.0%\n",
      "Hartree-Fock Computation: 48.0%\n",
      "Hartree-Fock Computation: 48.0%\n",
      "Hartree-Fock Computation: 48.0%\n",
      "Hartree-Fock Computation: 48.0%\n",
      "Hartree-Fock Computation: 48.0%\n",
      "Hartree-Fock Computation: 49.0%\n",
      "Hartree-Fock Computation: 49.0%\n",
      "Hartree-Fock Computation: 49.0%\n",
      "Hartree-Fock Computation: 49.0%\n",
      "Hartree-Fock Computation: 49.0%\n",
      "Hartree-Fock Computation: 50.0%\n",
      "Hartree-Fock Computation: 50.0%\n",
      "Hartree-Fock Computation: 50.0%\n",
      "Hartree-Fock Computation: 50.0%\n",
      "Hartree-Fock Computation: 50.0%\n",
      "Hartree-Fock Computation: 51.0%\n",
      "Hartree-Fock Computation: 51.0%\n",
      "Hartree-Fock Computation: 51.0%\n",
      "Hartree-Fock Computation: 51.0%\n",
      "Hartree-Fock Computation: 51.0%\n",
      "Hartree-Fock Computation: 52.0%\n",
      "Hartree-Fock Computation: 52.0%\n",
      "Hartree-Fock Computation: 52.0%\n",
      "Hartree-Fock Computation: 52.0%\n",
      "Hartree-Fock Computation: 52.0%\n",
      "Hartree-Fock Computation: 53.0%\n",
      "Hartree-Fock Computation: 53.0%\n",
      "Hartree-Fock Computation: 53.0%\n",
      "Hartree-Fock Computation: 53.0%\n",
      "Hartree-Fock Computation: 53.0%\n",
      "Hartree-Fock Computation: 54.0%\n",
      "Hartree-Fock Computation: 54.0%\n",
      "Hartree-Fock Computation: 54.0%\n",
      "Hartree-Fock Computation: 54.0%\n",
      "Hartree-Fock Computation: 54.0%\n",
      "Hartree-Fock Computation: 55.0%\n",
      "Hartree-Fock Computation: 55.0%\n",
      "Hartree-Fock Computation: 55.0%\n",
      "Hartree-Fock Computation: 55.0%\n",
      "Hartree-Fock Computation: 55.0%\n",
      "Hartree-Fock Computation: 56.0%\n",
      "Hartree-Fock Computation: 56.0%\n",
      "Hartree-Fock Computation: 56.0%\n",
      "Hartree-Fock Computation: 56.0%\n",
      "Hartree-Fock Computation: 56.0%\n",
      "Hartree-Fock Computation: 57.0%\n",
      "Hartree-Fock Computation: 57.0%\n",
      "Hartree-Fock Computation: 57.0%\n",
      "Hartree-Fock Computation: 57.0%\n",
      "Hartree-Fock Computation: 57.0%\n",
      "Hartree-Fock Computation: 58.0%\n",
      "Hartree-Fock Computation: 58.0%\n",
      "Hartree-Fock Computation: 58.0%\n",
      "Hartree-Fock Computation: 58.0%\n",
      "Hartree-Fock Computation: 58.0%\n",
      "Hartree-Fock Computation: 59.0%\n",
      "Hartree-Fock Computation: 59.0%\n",
      "Hartree-Fock Computation: 59.0%\n",
      "Hartree-Fock Computation: 59.0%\n",
      "Hartree-Fock Computation: 59.0%\n",
      "Hartree-Fock Computation: 60.0%\n",
      "Hartree-Fock Computation: 60.0%\n",
      "Hartree-Fock Computation: 60.0%\n",
      "Hartree-Fock Computation: 60.0%\n",
      "Hartree-Fock Computation: 60.0%\n",
      "Hartree-Fock Computation: 61.0%\n",
      "Hartree-Fock Computation: 61.0%\n",
      "Hartree-Fock Computation: 61.0%\n",
      "Hartree-Fock Computation: 61.0%\n",
      "Hartree-Fock Computation: 61.0%\n",
      "Hartree-Fock Computation: 62.0%\n",
      "Hartree-Fock Computation: 62.0%\n",
      "Hartree-Fock Computation: 62.0%\n",
      "Hartree-Fock Computation: 62.0%\n",
      "Hartree-Fock Computation: 62.0%\n",
      "Hartree-Fock Computation: 63.0%\n",
      "Hartree-Fock Computation: 63.0%\n",
      "Hartree-Fock Computation: 63.0%\n",
      "Hartree-Fock Computation: 63.0%\n",
      "Hartree-Fock Computation: 63.0%\n",
      "Hartree-Fock Computation: 64.0%\n",
      "Hartree-Fock Computation: 64.0%\n",
      "Hartree-Fock Computation: 64.0%\n",
      "Hartree-Fock Computation: 64.0%\n",
      "Hartree-Fock Computation: 64.0%\n",
      "Hartree-Fock Computation: 65.0%\n",
      "Hartree-Fock Computation: 65.0%\n",
      "Hartree-Fock Computation: 65.0%\n",
      "Hartree-Fock Computation: 65.0%\n",
      "Hartree-Fock Computation: 65.0%\n",
      "Hartree-Fock Computation: 66.0%\n",
      "Hartree-Fock Computation: 66.0%\n",
      "Hartree-Fock Computation: 66.0%\n",
      "Hartree-Fock Computation: 66.0%\n",
      "Hartree-Fock Computation: 66.0%\n",
      "Hartree-Fock Computation: 67.0%\n",
      "Hartree-Fock Computation: 67.0%\n",
      "Hartree-Fock Computation: 67.0%\n",
      "Hartree-Fock Computation: 67.0%\n",
      "Hartree-Fock Computation: 67.0%\n",
      "Hartree-Fock Computation: 68.0%\n",
      "Hartree-Fock Computation: 68.0%\n",
      "Hartree-Fock Computation: 68.0%\n",
      "Hartree-Fock Computation: 68.0%\n",
      "Hartree-Fock Computation: 68.0%\n",
      "Hartree-Fock Computation: 69.0%\n",
      "Hartree-Fock Computation: 69.0%\n",
      "Hartree-Fock Computation: 69.0%\n",
      "Hartree-Fock Computation: 69.0%\n",
      "Hartree-Fock Computation: 69.0%\n",
      "Hartree-Fock Computation: 70.0%\n",
      "Hartree-Fock Computation: 70.0%\n",
      "Hartree-Fock Computation: 70.0%\n",
      "Hartree-Fock Computation: 70.0%\n",
      "Hartree-Fock Computation: 70.0%\n",
      "Hartree-Fock Computation: 71.0%\n",
      "Hartree-Fock Computation: 71.0%\n",
      "Hartree-Fock Computation: 71.0%\n",
      "Hartree-Fock Computation: 71.0%\n",
      "Hartree-Fock Computation: 71.0%\n",
      "Hartree-Fock Computation: 72.0%\n",
      "Hartree-Fock Computation: 72.0%\n",
      "Hartree-Fock Computation: 72.0%\n",
      "Hartree-Fock Computation: 72.0%\n",
      "Hartree-Fock Computation: 72.0%\n",
      "Hartree-Fock Computation: 73.0%\n",
      "Hartree-Fock Computation: 73.0%\n",
      "Hartree-Fock Computation: 73.0%\n",
      "Hartree-Fock Computation: 73.0%\n",
      "Hartree-Fock Computation: 73.0%\n",
      "Hartree-Fock Computation: 74.0%\n",
      "Hartree-Fock Computation: 74.0%\n",
      "Hartree-Fock Computation: 74.0%\n",
      "Hartree-Fock Computation: 74.0%\n",
      "Hartree-Fock Computation: 74.0%\n",
      "Hartree-Fock Computation: 75.0%\n",
      "Hartree-Fock Computation: 75.0%\n",
      "Hartree-Fock Computation: 75.0%\n",
      "Hartree-Fock Computation: 75.0%\n",
      "Hartree-Fock Computation: 75.0%\n",
      "Hartree-Fock Computation: 76.0%\n",
      "Hartree-Fock Computation: 76.0%\n",
      "Hartree-Fock Computation: 76.0%\n",
      "Hartree-Fock Computation: 76.0%\n",
      "Hartree-Fock Computation: 76.0%\n",
      "Hartree-Fock Computation: 77.0%\n",
      "Hartree-Fock Computation: 77.0%\n",
      "Hartree-Fock Computation: 77.0%\n",
      "Hartree-Fock Computation: 77.0%\n",
      "Hartree-Fock Computation: 77.0%\n",
      "Hartree-Fock Computation: 78.0%\n",
      "Hartree-Fock Computation: 78.0%\n",
      "Hartree-Fock Computation: 78.0%\n",
      "Hartree-Fock Computation: 78.0%\n",
      "Hartree-Fock Computation: 78.0%\n",
      "Hartree-Fock Computation: 79.0%\n",
      "Hartree-Fock Computation: 79.0%\n",
      "Hartree-Fock Computation: 79.0%\n",
      "Hartree-Fock Computation: 79.0%\n",
      "Hartree-Fock Computation: 79.0%\n",
      "Hartree-Fock Computation: 80.0%\n",
      "Hartree-Fock Computation: 80.0%\n",
      "Hartree-Fock Computation: 80.0%\n",
      "Hartree-Fock Computation: 80.0%\n",
      "Hartree-Fock Computation: 80.0%\n",
      "Hartree-Fock Computation: 81.0%\n",
      "Hartree-Fock Computation: 81.0%\n",
      "Hartree-Fock Computation: 81.0%\n",
      "Hartree-Fock Computation: 81.0%\n",
      "Hartree-Fock Computation: 81.0%\n",
      "Hartree-Fock Computation: 82.0%\n",
      "Hartree-Fock Computation: 82.0%\n",
      "Hartree-Fock Computation: 82.0%\n",
      "Hartree-Fock Computation: 82.0%\n",
      "Hartree-Fock Computation: 82.0%\n",
      "Hartree-Fock Computation: 83.0%\n",
      "Hartree-Fock Computation: 83.0%\n",
      "Hartree-Fock Computation: 83.0%\n",
      "Hartree-Fock Computation: 83.0%\n",
      "Hartree-Fock Computation: 83.0%\n",
      "Hartree-Fock Computation: 84.0%\n",
      "Hartree-Fock Computation: 84.0%\n",
      "Hartree-Fock Computation: 84.0%\n",
      "Hartree-Fock Computation: 84.0%\n",
      "Hartree-Fock Computation: 84.0%\n",
      "Hartree-Fock Computation: 85.0%\n",
      "Hartree-Fock Computation: 85.0%\n",
      "Hartree-Fock Computation: 85.0%\n",
      "Hartree-Fock Computation: 85.0%\n",
      "Hartree-Fock Computation: 85.0%\n",
      "Hartree-Fock Computation: 86.0%\n",
      "Hartree-Fock Computation: 86.0%\n",
      "Hartree-Fock Computation: 86.0%\n",
      "Hartree-Fock Computation: 86.0%\n",
      "Hartree-Fock Computation: 86.0%\n",
      "Hartree-Fock Computation: 87.0%\n",
      "Hartree-Fock Computation: 87.0%\n",
      "Hartree-Fock Computation: 87.0%\n",
      "Hartree-Fock Computation: 87.0%\n",
      "Hartree-Fock Computation: 87.0%\n",
      "Hartree-Fock Computation: 88.0%\n",
      "Hartree-Fock Computation: 88.0%\n",
      "Hartree-Fock Computation: 88.0%\n",
      "Hartree-Fock Computation: 88.0%\n",
      "Hartree-Fock Computation: 88.0%\n",
      "Hartree-Fock Computation: 89.0%\n",
      "Hartree-Fock Computation: 89.0%\n",
      "Hartree-Fock Computation: 89.0%\n",
      "Hartree-Fock Computation: 89.0%\n",
      "Hartree-Fock Computation: 89.0%\n",
      "Hartree-Fock Computation: 90.0%\n",
      "Hartree-Fock Computation: 90.0%\n",
      "Hartree-Fock Computation: 90.0%\n",
      "Hartree-Fock Computation: 90.0%\n",
      "Hartree-Fock Computation: 90.0%\n",
      "Hartree-Fock Computation: 91.0%\n",
      "Hartree-Fock Computation: 91.0%\n",
      "Hartree-Fock Computation: 91.0%\n",
      "Hartree-Fock Computation: 91.0%\n",
      "Hartree-Fock Computation: 91.0%\n",
      "Hartree-Fock Computation: 92.0%\n",
      "Hartree-Fock Computation: 92.0%\n",
      "Hartree-Fock Computation: 92.0%\n",
      "Hartree-Fock Computation: 92.0%\n",
      "Hartree-Fock Computation: 92.0%\n",
      "Hartree-Fock Computation: 93.0%\n",
      "Hartree-Fock Computation: 93.0%\n",
      "Hartree-Fock Computation: 93.0%\n",
      "Hartree-Fock Computation: 93.0%\n",
      "Hartree-Fock Computation: 93.0%\n",
      "Hartree-Fock Computation: 94.0%\n",
      "Hartree-Fock Computation: 94.0%\n",
      "Hartree-Fock Computation: 94.0%\n",
      "Hartree-Fock Computation: 94.0%\n",
      "Hartree-Fock Computation: 94.0%\n",
      "Hartree-Fock Computation: 95.0%\n",
      "Hartree-Fock Computation: 95.0%\n",
      "Hartree-Fock Computation: 95.0%\n",
      "Hartree-Fock Computation: 95.0%\n",
      "Hartree-Fock Computation: 95.0%\n",
      "Hartree-Fock Computation: 96.0%\n",
      "Hartree-Fock Computation: 96.0%\n",
      "Hartree-Fock Computation: 96.0%\n",
      "Hartree-Fock Computation: 96.0%\n",
      "Hartree-Fock Computation: 96.0%\n",
      "Hartree-Fock Computation: 97.0%\n",
      "Hartree-Fock Computation: 97.0%\n",
      "Hartree-Fock Computation: 97.0%\n",
      "Hartree-Fock Computation: 97.0%\n",
      "Hartree-Fock Computation: 97.0%\n",
      "Hartree-Fock Computation: 98.0%\n",
      "Hartree-Fock Computation: 98.0%\n",
      "Hartree-Fock Computation: 98.0%\n",
      "Hartree-Fock Computation: 98.0%\n",
      "Hartree-Fock Computation: 98.0%\n",
      "Hartree-Fock Computation: 99.0%\n",
      "Hartree-Fock Computation: 99.0%\n",
      "Hartree-Fock Computation: 99.0%\n",
      "Hartree-Fock Computation: 99.0%\n",
      "Hartree-Fock Computation: 99.0%\n",
      "Hartree-Fock Computation Complete\n"
     ]
    }
   ],
   "source": [
    "from molecule import atom\n",
    "from molecule import vector\n",
    "from molecule import gaussian\n",
    "from molecule import molecule\n",
    "from morsePotential import morsePotential\n",
    "from notebookImporter import importNotebook\n",
    "from IPython.display import clear_output\n",
    "\n",
    "HartreeFock = importNotebook(\"Hartree_Class\")\n",
    "\n",
    "#set up the automated calculations used to generate the surface potential\n",
    "\n",
    "#User Specified Variables\n",
    "\n",
    "#Enter the atomic number for atoms 1 and 2\n",
    "atom1 = 1\n",
    "atom2 = 1\n",
    "\n",
    "#Enter the number of electrons for atom 1 and 2\n",
    "#Note the total number of electrons must be a multiple of 2, \n",
    "#otherwise, the computation will round the total number of electrons \n",
    "#down to the nearest multiple of 2\n",
    "atomN1 = 1\n",
    "atomN2 = 1\n",
    "\n",
    "#Select a basis, for a list of available basis sets, please see the \"basisSets\" folder\n",
    "basisName = \"STO-3G\"\n",
    "\n",
    "#Enter Starting and End Bond distance for the diatomic molecule\n",
    "#Units for Bond Distance in This Program are Bohr Units\n",
    "startR = .85\n",
    "endR = 5\n",
    "\n",
    "#Please enter the distance the bond distance should increase each iteration\n",
    "#The smaller the number, the more accurate and time-consuming the computation will be\n",
    "step = 0.01\n",
    "\n",
    "#Please enter how small the difference in energy between two ground state energy calculations\n",
    "#must be in order to convergence to occur\n",
    "convergenceCritera = pow(10, -10)\n",
    "\n",
    "#Please enter the maximum number of iterations the SCF procedure can take before\n",
    "#the computation will fail as being unable to converge\n",
    "maxIterations = 100\n",
    "\n",
    "#System Defined Variables\n",
    "E = []\n",
    "R = []\n",
    "basisSets = []\n",
    "Xs = []\n",
    "MOEnergy = []\n",
    "delta = (endR - startR) / step\n",
    "currentR = startR\n",
    "\n",
    "#Main While Loop to repeatedly call the Hartree-Fock routine to generate the potential energy surface\n",
    "while(not(currentR >= endR)):\n",
    "    \n",
    "    #define the molecular system\n",
    "    system = molecule()\n",
    "    system.addAtom(atom(vector(1,1,2+currentR), atom1, atomN1))\n",
    "    system.addAtom(atom(vector(1,1,2), atom2, atomN2))\n",
    "\n",
    "    system.addBasis(basisName)\n",
    "    \n",
    "    #Set up the Hartree Procedure\n",
    "    HF = HartreeFock.HF(system, convergenceCritera, maxIterations)\n",
    "\n",
    "    #Store Bond distance, associated Energy, and MO Energies\n",
    "    R.append(currentR) \n",
    "    E.append(HF.SCF() )\n",
    "    MOEnergy.append(HF.MOEnergy)\n",
    "    \n",
    "    print(\"Hartree-Fock Computation: \" + str(currentR * 100 // endR) + \"%\")\n",
    "    \n",
    "    #update the current intenuclear distance\n",
    "    currentR += step\n",
    "    \n",
    "print(\"Hartree-Fock Computation Complete\")\n",
    "\n",
    "#E.append(0)\n",
    "#R.append(12)"
   ]
  },
  {
   "cell_type": "code",
   "execution_count": 2,
   "metadata": {},
   "outputs": [
    {
     "data": {
      "text/html": [
       "        <script type=\"text/javascript\">\n",
       "        window.PlotlyConfig = {MathJaxConfig: 'local'};\n",
       "        if (window.MathJax) {MathJax.Hub.Config({SVG: {font: \"STIX-Web\"}});}\n",
       "        if (typeof require !== 'undefined') {\n",
       "        require.undef(\"plotly\");\n",
       "        requirejs.config({\n",
       "            paths: {\n",
       "                'plotly': ['https://cdn.plot.ly/plotly-latest.min']\n",
       "            }\n",
       "        });\n",
       "        require(['plotly'], function(Plotly) {\n",
       "            window._Plotly = Plotly;\n",
       "        });\n",
       "        }\n",
       "        </script>\n",
       "        "
      ]
     },
     "metadata": {},
     "output_type": "display_data"
    }
   ],
   "source": [
    "#Setup system for graphing purposes\n",
    "import math\n",
    "import scipy.integrate as integrate\n",
    "import scipy.optimize as optimize\n",
    "import numpy as np\n",
    "from plotly.offline import iplot, init_notebook_mode\n",
    "init_notebook_mode(connected=True)\n",
    "\n",
    "\n",
    "#create a curve fitted morsePotential of the data\n",
    "#uses the least squares method to fit the potential via SciPy\n",
    "def morsePotential(r, r0, a, D, c):\n",
    "    return c+ D*pow( (1-np.exp(-(a*(r-r0)))), 2) \n",
    "    \n",
    "    #return D*pow(1 - np.exp(-a*(r-r0)), 2) + c\n",
    "    #return D * np.exp(-2*a*(r-r0)) - 2*D*np.exp(-a*(r-r0)) + c \n",
    "    #return a0 * (a1 * (r - r0) + a2 * pow((r - r0), 2) + a3 * pow(r-r0, 3)) + a4\n",
    "    #return (a1 * np.exp(-2 * a2 * ( r - r0)) - (2 * a1 * np.exp(-a2 * ( r - r0)))) + c\n",
    "    #return (a1 * np.exp(-a2 * r) * (1 - (a3*r))) - (a4 / (pow(r,6) + (a5*pow(r,-6)))) \n",
    "    #return A - (D*( 1 + a1*(r-r0) + a2*pow((r-r0),2) + a3*pow(r-r0, 3) ) * np.exp(-a1*(r-r0)))\n",
    "    #return c - D*( 1 + a*(r-r0)  ) * np.exp(-a*(r-r0))\n",
    "\n",
    "    \n",
    "popt, pcov = optimize.curve_fit(morsePotential, R, E)\n",
    "\n",
    "#Prepare data for graphing\n",
    "minEIndex = E.index(min(E))\n",
    "minE = E.pop(minEIndex)\n",
    "optimalR = R.copy().pop(minEIndex)"
   ]
  },
  {
   "cell_type": "code",
   "execution_count": 8,
   "metadata": {},
   "outputs": [
    {
     "name": "stdout",
     "output_type": "stream",
     "text": [
      "0.005\n",
      "********************\n",
      "\n",
      "Overlap Matrix: \n",
      "\n",
      "[[0. 0. 0. 0. 0. 0. 0. 0. 0. 0. 0. 0. 0. 0. 0. 0. 0. 0. 0. 0.]\n",
      " [0. 0. 0. 0. 0. 0. 0. 0. 0. 0. 0. 0. 0. 0. 0. 0. 0. 0. 0. 0.]\n",
      " [0. 0. 0. 0. 0. 0. 0. 0. 0. 0. 0. 0. 0. 0. 0. 0. 0. 0. 0. 0.]\n",
      " [0. 0. 0. 0. 0. 0. 0. 0. 0. 0. 0. 0. 0. 0. 0. 0. 0. 0. 0. 0.]\n",
      " [0. 0. 0. 0. 0. 0. 0. 0. 0. 0. 0. 0. 0. 0. 0. 0. 0. 0. 0. 0.]\n",
      " [0. 0. 0. 0. 0. 0. 0. 0. 0. 0. 0. 0. 0. 0. 0. 0. 0. 0. 0. 0.]\n",
      " [0. 0. 0. 0. 0. 0. 0. 0. 0. 0. 0. 0. 0. 0. 0. 0. 0. 0. 0. 0.]\n",
      " [0. 0. 0. 0. 0. 0. 0. 0. 0. 0. 0. 0. 0. 0. 0. 0. 0. 0. 0. 0.]\n",
      " [0. 0. 0. 0. 0. 0. 0. 0. 0. 0. 0. 0. 0. 0. 0. 0. 0. 0. 0. 0.]\n",
      " [0. 0. 0. 0. 0. 0. 0. 0. 0. 0. 0. 0. 0. 0. 0. 0. 0. 0. 0. 0.]\n",
      " [0. 0. 0. 0. 0. 0. 0. 0. 0. 0. 0. 0. 0. 0. 0. 0. 0. 0. 0. 0.]\n",
      " [0. 0. 0. 0. 0. 0. 0. 0. 0. 0. 0. 0. 0. 0. 0. 0. 0. 0. 0. 0.]\n",
      " [0. 0. 0. 0. 0. 0. 0. 0. 0. 0. 0. 0. 0. 0. 0. 0. 0. 0. 0. 0.]\n",
      " [0. 0. 0. 0. 0. 0. 0. 0. 0. 0. 0. 0. 0. 0. 0. 0. 0. 0. 0. 0.]\n",
      " [0. 0. 0. 0. 0. 0. 0. 0. 0. 0. 0. 0. 0. 0. 0. 0. 0. 0. 0. 0.]\n",
      " [0. 0. 0. 0. 0. 0. 0. 0. 0. 0. 0. 0. 0. 0. 0. 0. 0. 0. 0. 0.]\n",
      " [0. 0. 0. 0. 0. 0. 0. 0. 0. 0. 0. 0. 0. 0. 0. 0. 0. 0. 0. 0.]\n",
      " [0. 0. 0. 0. 0. 0. 0. 0. 0. 0. 0. 0. 0. 0. 0. 0. 0. 0. 0. 0.]\n",
      " [0. 0. 0. 0. 0. 0. 0. 0. 0. 0. 0. 0. 0. 0. 0. 0. 0. 0. 0. 0.]\n",
      " [0. 0. 0. 0. 0. 0. 0. 0. 0. 0. 0. 0. 0. 0. 0. 0. 0. 0. 0. 0.]]\n",
      "\n",
      "****************************************\n",
      "\n",
      "V\n",
      "\n",
      "[[-8.86372622e-01  5.00711568e-02 -3.87473097e-03 -6.65780997e-04\n",
      "   3.55790979e-04 -9.53303079e-05  2.01963170e-05 -3.74606278e-06\n",
      "   6.33918787e-07 -9.99475943e-08  1.48636556e-08 -2.10151982e-09\n",
      "   2.83942805e-10 -3.65503183e-11  3.95901403e-12  6.89366578e-13\n",
      "  -2.19394939e-12  3.86841947e-12 -6.28802219e-12  9.63094773e-12]\n",
      " [ 5.00711568e-02 -8.91852319e-01  6.96581426e-02 -5.99964894e-03\n",
      "  -1.54472704e-03  8.45043486e-04 -2.43421762e-04  5.52274253e-05\n",
      "  -1.08953084e-05  1.94875937e-06 -3.23031998e-07  5.02807754e-08\n",
      "  -7.41166203e-09  1.03858448e-09 -1.34086981e-10  6.55568655e-12\n",
      "   1.87138742e-11 -3.57286353e-11  5.83984809e-11 -8.95561507e-11]\n",
      " [-3.87473097e-03  6.96581426e-02 -8.96460510e-01  8.35996572e-02\n",
      "  -7.40023605e-03 -2.79663806e-03  1.55269835e-03 -4.74542167e-04\n",
      "   1.14140545e-04 -2.37640872e-05  4.46496710e-06 -7.74245977e-07\n",
      "   1.25609346e-07 -1.92250238e-08  2.76298939e-09 -3.14772104e-10\n",
      "  -8.40595263e-11  2.27006269e-10 -3.78768983e-10  5.82249545e-10]\n",
      " [-6.65780997e-04 -5.99964894e-03  8.35996572e-02 -9.00106874e-01\n",
      "   9.41833893e-02 -8.04779171e-03 -4.48116557e-03  2.51308364e-03\n",
      "  -8.07188738e-04  2.04257946e-04 -4.46059023e-05  8.75992568e-06\n",
      "  -1.58246043e-06  2.66597443e-07 -4.21251683e-08  5.97875251e-09\n",
      "  -2.01823995e-10 -1.09873178e-09  1.97366616e-09 -3.05388297e-09]\n",
      " [ 3.55790979e-04 -1.54472704e-03 -7.40023605e-03  9.41833893e-02\n",
      "  -9.02695786e-01  1.02233905e-01 -7.87667067e-03 -6.65859654e-03\n",
      "   3.76157527e-03 -1.26073093e-03  3.33620088e-04 -7.60409059e-05\n",
      "   1.55444708e-05 -2.91498074e-06  5.07943127e-07 -8.17060781e-08\n",
      "   9.76524276e-09  3.57380977e-09 -8.65853989e-09  1.36865539e-08]\n",
      " [-9.53303079e-05  8.45043486e-04 -2.79663806e-03 -8.04779171e-03\n",
      "   1.02233905e-01 -9.04126083e-01  1.08121151e-01 -6.80951459e-03\n",
      "  -9.39200891e-03  5.33579899e-03 -1.85583294e-03  5.11084833e-04\n",
      "  -1.21086934e-04  2.56762055e-05 -4.98153692e-06  8.91904339e-07\n",
      "  -1.39389470e-07  2.56050312e-09  3.16960520e-08 -5.39036425e-08]\n",
      " [ 2.01963170e-05 -2.43421762e-04  1.55269835e-03 -4.48116557e-03\n",
      "  -7.87667067e-03  1.08121151e-01 -9.04290815e-01  1.12017672e-01\n",
      "  -4.76179042e-03 -1.27478001e-02  7.27594694e-03 -2.61463693e-03\n",
      "   7.46387358e-04 -1.83183564e-04  4.01675898e-05 -8.02953638e-06\n",
      "   1.45186936e-06 -1.82990935e-07 -8.35832035e-08  1.87945311e-07]\n",
      " [-3.74606278e-06  5.52274253e-05 -4.74542167e-04  2.51308364e-03\n",
      "  -6.65859654e-03 -6.80951459e-03  1.12017672e-01 -9.03076998e-01\n",
      "   1.13992593e-01 -1.64293284e-03 -1.67959889e-02  9.62496001e-03\n",
      "  -3.56089572e-03  1.05018852e-03 -2.66202711e-04  6.01686078e-05\n",
      "  -1.22956392e-05  2.12617298e-06 -1.31416119e-08 -5.63880318e-07]\n",
      " [ 6.33918787e-07 -1.08953084e-05  1.14140545e-04 -8.07188738e-04\n",
      "   3.76157527e-03 -9.39200891e-03 -4.76179042e-03  1.13992593e-01\n",
      "  -9.00365344e-01  1.14053391e-01  2.64338613e-03 -2.16104626e-02\n",
      "   1.24286719e-02 -4.72006975e-03  1.43408474e-03 -3.74390790e-04\n",
      "   8.68325649e-05 -1.77723602e-05  2.39844649e-06  1.24719846e-06]\n",
      " [-9.99475943e-08  1.94875937e-06 -2.37640872e-05  2.04257946e-04\n",
      "  -1.26073093e-03  5.33579899e-03 -1.27478001e-02 -1.64293284e-03\n",
      "   1.14053391e-01 -8.96029999e-01  1.12166975e-01  8.19926814e-03\n",
      "  -2.72691859e-02  1.57358953e-02 -6.11931939e-03  1.91044469e-03\n",
      "  -5.12021053e-04  1.20727286e-04 -2.33093855e-05  3.18835374e-08]\n",
      " [ 1.48636556e-08 -3.23031998e-07  4.46496710e-06 -4.46059023e-05\n",
      "   3.33620088e-04 -1.85583294e-03  7.27594694e-03 -1.67959889e-02\n",
      "   2.64338613e-03  1.12166975e-01 -8.89938270e-01  1.08271305e-01\n",
      "   1.51326559e-02 -3.38542807e-02  1.95982775e-02 -7.78708784e-03\n",
      "   2.49157514e-03 -6.82006257e-04  1.59741233e-04 -2.36913990e-05]\n",
      " [-2.10151981e-09  5.02807754e-08 -7.74245977e-07  8.75992568e-06\n",
      "  -7.60409059e-05  5.11084833e-04 -2.61463693e-03  9.62496001e-03\n",
      "  -2.16104626e-02  8.19926814e-03  1.08271305e-01 -8.81950422e-01\n",
      "   1.02282355e-01  2.35571828e-02 -4.14515969e-02  2.40692727e-02\n",
      "  -9.75123341e-03  3.18666705e-03 -8.81337307e-04  1.92783161e-04]\n",
      " [ 2.83942777e-10 -7.41166203e-09  1.25609346e-07 -1.58246043e-06\n",
      "   1.55444708e-05 -1.21086934e-04  7.46387358e-04 -3.56089572e-03\n",
      "   1.24286719e-02 -2.72691859e-02  1.51326559e-02  1.02282355e-01\n",
      "  -8.71919743e-01  9.40990146e-02  3.35910083e-02 -5.01484797e-02\n",
      "   2.92001930e-02 -1.20327313e-02  3.99249370e-03 -1.08837665e-03]\n",
      " [-3.65503183e-11  1.03858448e-09 -1.92250238e-08  2.66597443e-07\n",
      "  -2.91498074e-06  2.56762055e-05 -1.83183564e-04  1.05018852e-03\n",
      "  -4.72006975e-03  1.57358953e-02 -3.38542807e-02  2.35571828e-02\n",
      "   9.40990146e-02 -8.59693716e-01  8.36084602e-02  4.53522274e-02\n",
      "  -6.00260157e-02  3.50280021e-02 -1.46278983e-02  4.86942905e-03]\n",
      " [ 3.95900753e-12 -1.34086981e-10  2.76298939e-09 -4.21251683e-08\n",
      "   5.07943127e-07 -4.98153692e-06  4.01675898e-05 -2.66202711e-04\n",
      "   1.43408474e-03 -6.11931939e-03  1.95982775e-02 -4.14515969e-02\n",
      "   3.35910083e-02  8.36084602e-02 -8.45118806e-01  7.06967524e-02\n",
      "   5.89445388e-02 -7.11368953e-02  4.15434711e-02 -1.74660590e-02]\n",
      " [ 6.89366578e-13  6.55571430e-12 -3.14772111e-10  5.97875251e-09\n",
      "  -8.17060781e-08  8.91904339e-07 -8.02953638e-06  6.01686078e-05\n",
      "  -3.74390790e-04  1.91044469e-03 -7.78708784e-03  2.40692727e-02\n",
      "  -5.01484797e-02  4.53522274e-02  7.06967524e-02 -8.28055562e-01\n",
      "   5.52749244e-02  7.44195809e-02 -8.34520730e-02  4.86214055e-02]\n",
      " [-2.19393953e-12  1.87138742e-11 -8.40595298e-11 -2.01823992e-10\n",
      "   9.76524277e-09 -1.39389470e-07  1.45186936e-06 -1.22956392e-05\n",
      "   8.68325649e-05 -5.12021053e-04  2.49157514e-03 -9.75123341e-03\n",
      "   2.92001930e-02 -6.00260157e-02  5.89445388e-02  5.52749244e-02\n",
      "  -8.08418419e-01  3.73398006e-02  9.16935409e-02 -9.67538540e-02]\n",
      " [ 3.86843335e-12 -3.57286353e-11  2.27006262e-10 -1.09873175e-09\n",
      "   3.57380984e-09  2.56050312e-09 -1.82990935e-07  2.12617298e-06\n",
      "  -1.77723602e-05  1.20727286e-04 -6.82006257e-04  3.18666705e-03\n",
      "  -1.20327313e-02  3.50280021e-02 -7.11368953e-02  7.44195809e-02\n",
      "   3.73398006e-02 -7.86264142e-01  1.70957000e-02  1.10395777e-01]\n",
      " [-6.28801872e-12  5.83984670e-11 -3.78768969e-10  1.97366616e-09\n",
      "  -8.65853987e-09  3.16960520e-08 -8.35832035e-08 -1.31416119e-08\n",
      "   2.39844649e-06 -2.33093855e-05  1.59741233e-04 -8.81337307e-04\n",
      "   3.99249370e-03 -1.46278983e-02  4.15434711e-02 -8.34520730e-02\n",
      "   9.16935409e-02  1.70957000e-02 -7.61953367e-01 -4.84926028e-03]\n",
      " [ 9.63094773e-12 -8.95561438e-11  5.82249545e-10 -3.05388295e-09\n",
      "   1.36865539e-08 -5.39036425e-08  1.87945311e-07 -5.63880318e-07\n",
      "   1.24719846e-06  3.18835374e-08 -2.36913990e-05  1.92783161e-04\n",
      "  -1.08837665e-03  4.86942905e-03 -1.74660590e-02  4.86214055e-02\n",
      "  -9.67538540e-02  1.10395777e-01 -4.84926028e-03 -7.36377125e-01]]\n",
      "\n",
      "****************************************\n",
      "\n",
      "T\n",
      "\n",
      "[[ 7.43541011e-04 -3.70746321e-16 -5.61141118e-04  1.73745670e-14\n",
      "  -3.71761284e-04 -1.90058727e-15 -1.55770862e-04 -8.14044737e-15\n",
      "  -4.77721622e-05 -2.05435083e-14 -1.15567663e-05 -3.31615159e-14\n",
      "  -2.30851155e-06 -2.40725439e-14 -3.92716406e-07  1.05917065e-14\n",
      "  -5.81776682e-08  3.11745445e-14 -7.63272750e-09  2.21536097e-14]\n",
      " [-6.63585940e-16  1.53711439e-03 -8.81917152e-16 -2.28402358e-04\n",
      "  -7.06850202e-15 -4.49724375e-04 -3.90727218e-14 -2.77010882e-04\n",
      "  -1.26383325e-13 -1.06770782e-04 -2.59966040e-13 -3.03325388e-05\n",
      "  -2.98720006e-13 -6.85404639e-06 -7.95539578e-14 -1.28827365e-06\n",
      "   2.30939145e-13 -2.07490064e-07  2.76957487e-13 -2.92516775e-08]\n",
      " [-5.61141118e-04 -1.37428046e-15  1.42006232e-03 -1.62475328e-14\n",
      "   1.25192035e-04 -1.15631815e-13 -3.70852193e-04 -4.80135655e-13\n",
      "  -3.61306750e-04 -1.25063906e-12 -1.75782484e-04 -1.97306568e-12\n",
      "  -5.84571470e-05 -1.46782679e-12 -1.48837122e-05  5.34408582e-13\n",
      "  -3.07999574e-06  1.91492061e-12 -5.37709143e-07  1.31875855e-12]\n",
      " [-7.27769150e-16 -2.28402358e-04 -2.55046906e-14  1.08901326e-03\n",
      "  -2.44666212e-13  3.18888010e-04 -1.30295121e-12 -2.02653065e-04\n",
      "  -4.27333376e-12 -3.92046179e-04 -8.80204117e-12 -2.44449941e-04\n",
      "  -1.01943243e-11 -9.51320629e-05 -3.06923939e-12 -2.72199252e-05\n",
      "   7.69422153e-12 -6.18416903e-06  9.44654158e-12 -1.16730106e-06]\n",
      " [-3.71761284e-04 -2.64536385e-14  1.25192035e-04 -3.82617223e-13\n",
      "   8.40905113e-04 -2.68144454e-12  3.37473849e-04 -1.11595833e-11\n",
      "  -1.14262442e-05 -2.91647513e-11 -3.66737122e-04 -4.62703669e-11\n",
      "  -3.02523286e-04 -3.49480831e-11 -1.38154313e-04  1.16538005e-11\n",
      "  -4.43582622e-05  4.52116497e-11 -1.10402342e-05  3.13912498e-11]\n",
      " [-1.67574428e-14 -4.49724375e-04 -4.43397923e-13  3.18888011e-04\n",
      "  -4.28072608e-12  7.56443156e-04 -2.28451261e-11  2.32499273e-04\n",
      "  -7.53343624e-11  1.52658074e-04 -1.55464418e-10 -2.93934486e-04\n",
      "  -1.81643400e-10 -3.41716379e-04 -5.77004812e-11 -1.84286187e-04\n",
      "   1.33341776e-10 -6.63766981e-05  1.68119947e-10 -1.80689216e-05]\n",
      " [-1.55770862e-04 -3.64317401e-13 -3.70852192e-04 -5.31889371e-12\n",
      "   3.37473859e-04 -3.73499430e-11  8.13385418e-04 -1.55849460e-10\n",
      "   7.10694972e-05 -4.08821007e-10  2.60286861e-04 -6.52685824e-10\n",
      "  -1.88857405e-04 -5.01341320e-10 -3.56715485e-04  1.50233033e-10\n",
      "  -2.29703486e-04  6.32541896e-10 -9.28927167e-05  4.50096105e-10]\n",
      " [-1.89832184e-13 -2.77010881e-04 -5.06377655e-12 -2.02653050e-04\n",
      "  -4.89800616e-11  2.32499350e-04 -2.62024946e-10  9.52662099e-04\n",
      "  -8.66888091e-10 -8.91815762e-05 -1.79790693e-09  3.01430892e-04\n",
      "  -2.12148467e-09 -6.92643415e-05 -7.13576796e-10 -3.45516274e-04\n",
      "   1.50709217e-09 -2.70462289e-04  1.95969905e-09 -1.23071304e-04]\n",
      " [-4.77721617e-05 -3.52540311e-12 -3.61306735e-04 -5.11664551e-11\n",
      "  -1.14261173e-05 -3.60112600e-10  7.10700115e-05 -1.50709299e-09\n",
      "   1.11373612e-03 -3.97010235e-09 -2.09685141e-04 -6.38352114e-09\n",
      "   2.80816352e-04 -4.99653922e-09  4.78119524e-05  1.30933049e-09\n",
      "  -3.09244938e-04  6.12341290e-09 -3.02925534e-04  4.48182446e-09]\n",
      " [-1.56888883e-12 -1.06770773e-04 -4.16511790e-11 -3.92046044e-04\n",
      "  -4.03747344e-10  1.52658956e-04 -2.16583316e-09 -8.91787239e-05\n",
      "  -7.19225130e-09  1.25069534e-03 -1.50016534e-08 -2.71865435e-04\n",
      "  -1.79009950e-08  2.12571837e-04 -6.40265153e-09  1.48283913e-04\n",
      "   1.22245243e-08 -2.51626671e-04  1.64855110e-08 -3.24108752e-04]\n",
      " [-1.15567623e-05 -2.51087970e-11 -1.75782379e-04 -3.65180893e-10\n",
      "  -3.66736119e-04 -2.57683329e-09  2.60291910e-04 -1.08208898e-08\n",
      "  -2.09671885e-04 -2.86437197e-08  1.33694697e-03 -4.64331532e-08\n",
      "  -2.73739741e-04 -3.71268193e-08  1.15261199e-04  8.15952159e-09\n",
      "   2.22226624e-04  4.39630743e-08 -1.78251989e-04  3.32516881e-08]\n",
      " [-9.76862871e-12 -3.03324784e-05 -2.59868494e-10 -2.44449067e-04\n",
      "  -2.52531369e-09 -2.93928425e-04 -1.35895902e-08  3.01455040e-04\n",
      "  -4.53229335e-08 -2.71813511e-04 -9.51585867e-08  1.36375177e-03\n",
      "  -1.15022590e-07 -2.24892296e-04 -4.39708090e-08  7.89112642e-06\n",
      "   7.48212652e-08  2.64261353e-04  1.05436540e-07 -9.57720104e-05]\n",
      " [-2.30848937e-06 -1.37955132e-10 -5.84565579e-05 -2.01126477e-09\n",
      "  -3.02517580e-04 -1.42349513e-08 -1.88827047e-04 -6.00137006e-08\n",
      "   2.80913623e-04 -1.59760890e-07 -2.73568126e-04 -2.61450439e-07\n",
      "   1.33594443e-03 -2.14211861e-07 -1.41410440e-04  3.67809092e-08\n",
      "  -9.29005131e-05  2.43357353e-07  2.73325317e-04  1.91370234e-07]\n",
      " [-4.75260587e-11 -6.85375100e-06 -1.26731599e-09 -9.51277551e-05\n",
      "  -1.23512865e-08 -3.41685923e-04 -6.67143369e-08 -6.91367083e-05\n",
      "  -2.23631170e-07  2.12903010e-04 -4.73173799e-07 -2.24416110e-04\n",
      "  -5.80626710e-07  1.26685035e-03 -2.38725097e-07 -4.16044814e-05\n",
      "   3.55111221e-07 -1.74477203e-04  5.28501349e-07  2.52017545e-04]\n",
      " [-3.92620310e-07 -5.98142122e-10 -1.48811466e-05 -8.74500098e-09\n",
      "  -1.38129276e-04 -6.21179669e-08 -3.56580097e-04 -2.63118953e-07\n",
      "   4.82655999e-05 -7.05161747e-07  1.16212709e-04 -1.16705901e-06\n",
      "  -1.40316749e-04 -9.83718866e-07  1.17351713e-03  1.14354320e-07\n",
      "   5.72186031e-05  1.06166862e-06 -2.28796109e-04  8.75186268e-07]\n",
      " [-1.83708941e-10 -1.28712936e-06 -4.91271048e-09 -2.72031657e-05\n",
      "  -4.80470244e-08 -1.84166874e-04 -2.60684292e-07 -3.45009243e-04\n",
      "  -8.79175830e-07  1.49650196e-04 -1.87758690e-06  1.01794340e-05\n",
      "  -2.34570504e-06 -3.95914633e-05 -1.04547307e-06  1.07288680e-03\n",
